47.15603 -3.27926 -39.44374 -88.1797
79.01634 161.08966 15.63133 172.18597
78.85539 168.93702 -38.86434 -35.12842
-14.4476 39.97121 59.50661 -155.35623
-4.66248 68.86231 -64.53558 -150.79743
-28.21715 52.12439 22.16136 -65.492
-39.72409 -25.67666 -44.90671 68.39101
74.86043 151.12154 7.68271 121.23481
6.9439 -94.38939 -82.46853 103.49571
20.48863 -42.35695 -42.02061 10.1542
38.39336 -78.87622 -39.45423 136.6297
80.9824 -105.17493 18.93275 4.82689
-16.27622 -153.62517 -9.59556 -46.54834
-17.99449 -119.64703 51.75035 0.92381
5.53829 -2.40248 22.94775 17.16343
24.88738 21.49528 58.10975 -10.16525
-13.49331 -100.62915 50.56876 -7.55848
-64.19915 -138.8994 -44.53504 -176.08143
-23.2946 70.77894 -71.91199 -70.91463
22.75746 -82.67974 -6.00477 -144.89228
28.14424 76.99034 -52.65308 -39.59155
-74.62665 104.06369 -72.37541 -106.91533
21.93023 -25.00849 -11.66623 -162.77585
48.043 0.22534 3.92312 -123.54505
-89.09526 -61.56603 -54.94906 100.79115
-72.1499 30.8032 -63.22977 176.4263
84.90434 -65.27598 14.51333 -142.04132
-51.32901 -141.53426 66.39762 -36.48026
76.91813 -51.40043 -30.12833 -128.96236
-56.15642 21.09137 -73.94138 -40.505
88.05539 145.2309 -48.94625 175.47477
36.82366 -67.59955 21.00168 -151.15517
81.34959 2.59173 25.79619 171.31995
-67.08907 -51.56787 -63.1301 -164.61852
15.19137 22.27015 44.62326 -134.95706
43.35088 -5.5002 -16.66815 -116.21324
-50.75082 4.53195 -43.97985 -34.02649
-7.74692 160.10008 -85.46632 88.31418
-71.50356 -17.76521 42.47306 -14.47012
4.46398 7.43825 -10.32328 -132.82943
-8.99374 -87.34846 -31.51258 132.07513
-41.22131 43.12625 13.30311 -17.61175
-21.0231 -170.18873 13.68435 177.31746
-46.07377 19.57687 69.81031 -76.04666
-58.26745 -150.91613 78.44044 -156.47588
-21.38114 -60.20285 40.94408 -143.33319
-14.49909 -102.11291 17.84271 84.70974
45.35077 66.31344 4.9839 -136.82395
81.19892 49.37467 51.2811 25.19438
-59.77262 -63.82752 -11.8423 83.82496
45.9287 172.93276 -76.77935 84.4198
-22.69446 -165.60962 70.43274 -89.87204
11.57203 56.43663 -63.24492 126.47938
28.07717 12.94267 -51.47576 97.62623
-9.8515 55.94879 -32.3526 99.2259
33.43399 64.71811 -56.60909 169.73489
18.00877 175.96987 -54.19945 -21.55896
3.51429 17.75143 -31.47579 -56.73523
77.37577 32.98514 -1.71749 23.61747
-11.10492 25.04617 48.23888 -98.27728
-53.52427 145.08952 54.7738 -66.10103
-5.03268 102.4447 -77.03974 65.35233
53.73898 62.06341 -6.79163 154.3612
51.33315 -75.27526 21.60461 158.17723
84.22223 76.16128 13.76554 49.18703
36.3269 -29.67553 57.23052 165.04433
64.25728 -46.78783 -28.033 4.96008
-24.92459 171.84245 48.04917 -101.47174
46.65211 165.16764 74.31234 -48.84645
-66.72847 -91.92643 43.86067 -159.50867
10.71155 -117.0688 26.63976 178.636
27.16554 88.71483 26.96213 -155.87632
70.25715 154.32179 84.25312 -165.35148
43.28034 60.2139 -79.3304 148.37757
-31.95211 -102.12402 -85.92891 -167.58131
83.56772 -88.08967 -65.88865 -20.8725
-29.85448 27.06624 -17.85987 -115.16733
-19.51743 11.61453 -54.2699 -23.00983
60.28661 -141.11688 52.75303 -17.57844
-23.66903 -91.58422 20.49941 -16.97751
16.20774 2.53749 -55.13419 160.92627
49.67761 -112.4805 -45.82284 76.07153
2.68043 -125.41918 0.35014 -31.3283
-86.78125 0.6484 76.27308 66.04875
-7.95191 88.37359 70.44789 -136.04391
0.73268 19.5992 31.64477 20.30678
-55.31699 -99.51445 58.08677 -50.95705
83.02346 25.5317 -9.46638 146.42216
-51.45985 -16.02253 -60.68988 -104.23325
-63.93115 171.92774 13.69327 -38.08653
36.8248 21.3013 53.7441 -63.4983
20.53382 67.08949 -29.05228 -56.93905
32.90243 147.62503 -49.72766 148.00121
6.5306 -0.94976 -7.83708 139.88709
55.01136 -66.69675 -59.27852 142.77748
9.71582 140.65131 -49.96655 117.77783
10.14706 42.91961 -85.91884 160.44552
39.76489 14.01599 -22.20846 -165.80345
-69.74322 -158.66654 -27.83682 -21.28613
17.26255 51.63199 -44.64939 -15.02462